-1853882368
0
0
0
0
479001600
0
0
0
0
0
-775946240
0
0
0
0
0
0
0
0
2004310016
2004310016
0
0
2004310016
0
0
0
0
5040
0
0
-775946240
-898433024
5040
1278945280
120
39916800
0
0
0
2004310016
0
1484783616
0
39916800
0
-288522240
362880
1278945280
0
0
0
0
0
0
0
0
6
0
0
0
0
0
2004189184
-1241513984
0
0
0
479001600
1278945280
0
0
-522715136
0
0
0
0
-522715136
6
0
5040
0
0
0
0
0
0
-2147483648
0
0
0
0
0
479001600
-2147483648
0
-1241513984
5040
0
0
0
0
0
40320
0
0
0
0
0
0
120
-1853882368
0
0
6
-898433024
0
0
0
0
0
-288522240
0
0
0
0
-1195114496
0
862453760
0
0
39916800
0
0
0
479001600
0
0
0
0
0
0
0
0
0
0
-1241513984
3628800
2
0
0
24
0
0
-775946240
-1241513984
-1853882368
1484783616
-898433024
-2147483648
0
0
0
1278945280
0
-1241513984
738197504
0
0
0
0
0
0
0
109641728
0
0
0
479001600
0
720
2076180480
0
-775946240
0
0
720
0
862453760
0
0
0
0
720
0
0
0
479001600
39916800
0
0
0
-288522240
0
0
0
24
0
-1241513984
0
0
0
-898433024
0
0
3628800
0
0
0
2
1278945280
-2147483648
1
362880
0
0
0
0
0
120
0
0
0
0
362880
0
0
0
-1375731712
0
0
0
0
0
0
120
-2147483648
0
-2102132736
0
862453760
0
0
1
1484783616
0
24
0
0
1
0
0
1484783616
0
0
0
0
3628800
0
0
3628800
2004310016
2004189184
0
24
0
0
0
0
-898433024
0
720
109641728
0
40320
362880
0
40320
0
3628800
0
0
0
0
0
0
-1853882368
-2102132736
3628800
0
0
0
0
0
1278945280
0
0
109641728
0
0
0
0
39916800
0
1932053504
40320
0
0
720
0
0
0
0
-1853882368
1409286144
0
0
862453760
0
0
0
0
0
0
0
2
3628800
0
0
0
862453760
0
0
0
0
0
0
0
0
0
0
1409286144
0
0
0
0
0
1
0
1409286144
0
0
0
362880
0
0
0
0
0
0
0
-1195114496
0
2076180480
0
0
-522715136
0
0
0
738197504
862453760
0
0
-288522240
109641728
2
0
39916800
6
6
0
2004189184
0
0
0
1409286144
0
0
0
0
-2147483648
362880
0
0
720
0
-2147483648
0
0
738197504
0
479001600
0
0
0
0
0
0
120
0
0
3628800
0
0
0
0
1409286144
0
0
0
0
0
0
0
0
0
-288522240
-522715136
0
-775946240
0
0
0
0
0
-2147483648
0
0
0
0
0
0
2076180480
39916800
-1853882368
0
0
0
0
0
479001600
-775946240
0
0
2076180480
0
0
0
362880
0
1409286144
0
0
0
0
1484783616
0
0
0
0
-288522240
0
0
0
-2147483648
0
738197504
0
0
0
40320
1409286144
0
0
40320
362880
-775946240
0
0
0
0
2004189184
109641728
0
0
0
-522715136
0
-1195114496
0
0
0
-1375731712
0
0
0
0
-898433024
0
0
0
2076180480
2004189184
2
1
0
0
0
0
2076180480
0
0
0
0
-898433024
-288522240
6
0
1932053504
0
0
2004189184
2004310016
0
3628800
0
40320
-1241513984
3628800
0
0
0
0
0
1932053504
-288522240
0
0
-288522240
0
0
0
0
738197504
2004189184
0
-775946240
0
2
0
0
0
0
0
0
0
-2147483648
0
0
0
0
738197504
-898433024
0
0
-1375731712
0
0
1484783616
-775946240
0
39916800
24
0
0
0
-775946240
3628800
0
0
0
0
2
40320
738197504
0
0
1932053504
1484783616
0
-1241513984
0
0
479001600
-1195114496
0
0
0
0
0
0
0
0
0
39916800
0
720
0
738197504
0
40320
-1241513984
0
738197504
-898433024
0
0
-522715136
0
0
0
0
-2102132736
1
1
1484783616
0
1484783616
0
-1375731712
0
-2147483648
2004310016
0
1932053504
-2102132736
0
0
0
0
720
0
0
0
-288522240
2076180480
0
0
0
0
3628800
-1241513984
40320
0
0
0
-2147483648
0
0
0
24
862453760
0
0
0
0
0
-2147483648
0
479001600
-1195114496
2
0
0
-898433024
0
-2147483648
0
0
109641728
0
0
-2147483648
109641728
0
0
0
0
-775946240
0
0
0
0
0
862453760
862453760
39916800
0
0
0
0
0
0
362880
0
0
0
-1375731712
-775946240
0
0
1932053504
0
0
0
362880
2004310016
0
0
2004310016
0
-2147483648
-2102132736
0
-2147483648
0
0
1278945280
40320
362880
39916800
-898433024
-1853882368
0
0
0
0
3628800
0
0
0
0
0
362880
0
0
0
0
1932053504
0
0
0
0
0
0
0
0
0
0
1
0
0
0
0
0
-2102132736
0
0
0
-898433024
-1195114496
0
0
120
40320
0
0
-1375731712
479001600
0
-288522240
0
0
0
0
3628800
0
0
0
-2147483648
0
0
0
1278945280
0
0
40320
0
5040
0
0
-2147483648
0
0
0
0
720
24
0
720
0
3628800
0
1932053504
0
0
2004189184
-522715136
0
109641728
2
0
0
0
39916800
-775946240
0
0
0
0
2004310016
0
0
0
24
0
0
-1375731712
0
0
0
0
0
0
0
0
1
5040
0
-1241513984
0
109641728
-2147483648
0
0
0
-288522240
0
0
-1375731712
1
-1241513984
0
0
0
0
-1375731712
0
1278945280
0
0
0
0
0
2004310016
0
-775946240
0
89
43
59
37
73
7
89
59
7
5
11
43
83
11
17
47
37
73
3
29
47
79
3
7
53
73
29
7
97
73
83
5
3
17
37
47
23
11
47
29
2
97
29
29
31
53
89
37
37
19
79
47
23
47
71
97
11
47
17
79
29
43
37
2
71
5
37
5
23
43
97
97
59
19
37
19
79
11
13
23
79
2
67
23
53
59
71
37
71
31
23
17
19
2
71
11
3
3
97
73
47
89
37
31
5
41
79
47
17
67
37
11
47
71
83
61
47
17
59
47
31
97
19
37
83
2
61
73
79
17
3
13
29
43
13
17
79
17
31
2
37
97
71
31
11
37
41
2
31
59
53
13
29
11
31
29
97
31
83
61
61
13
41
43
17
29
83
23
89
2
43
61
53
19
53
19
37
97
23
23
11
61
61
71
13
97
89
89
11
79
53
67
13
83
73
5
17
37
71
7
59
53
13
83
19
2
11
43
53
71
43
7
29
59
19
71
17
41
71
29
67
83
26
87
89
46
82
12
75
54
34
93
43
24
59
81
37
73
56
39
95
65
15
15
65
34
15
84
40
92
35
7
89
59
24
18
7
14
5
11
69
54
43
15
83
27
100
11
36
17
9
14
80
47
60
37
72
73
100
96
3
45
56
87
77
78
16
29
40
52
47
12
14
79
90
22
62
50
34
77
22
3
91
7
86
95
96
64
100
53
32
84
39
52
100
44
12
33
73
29
7
42
97
90
75
73
8
48
52
66
100
83
45
5
26
51
88
3
18
52
66
87
87
44
17
37
47
88
84
21
76
23
77
46
11
42
74
70
12
48
51
69
96
38
85
48
47
54
39
29
10
2
77
42
4
60
97
24
29
26
27
18
32
49
74
50
14
63
29
31
68
53
89
37
85
37
44
19
98
36
79
12
64
6
25
64
24
96
47
6
62
23
96
47
71
56
6
97
68
38
12
11
76
88
47
17
79
84
52
4
34
29
60
96
43
18
46
46
10
76
50
37
2
14
32
1
9
36
88
71
78
65
5
72
69
42
45
9
78
68
72
28
52
77
45
77
37
60
5
32
58
20
95
23
45
88
1
27
43
4
38
45
1
87
38
27
74
49
74
57
10
81
40
10
15
16
35
4
97
48
97
93
18
59
6
19
35
8
9
75
8
86
10
69
63
81
99
60
44
26
20
10
87
37
65
51
40
14
38
55
19
49
39
86
79
11
95
13
8
70
56
6
69
45
49
65
26
30
98
82
23
69
65
82
66
90
82
79
2
10
90
80
67
23
45
50
80
90
54
53
84
99
100
59
30
72
38
88
100
55
1
62
30
46
34
71
9
48
91
37
58
38
66
46
21
99
25
71
74
22
34
87
63
31
23
44
70
17
19
2
71
11
3
3
97
16
35
96
73
30
49
86
47
96
32
9
89
100
6
38
32
37
56
31
94
12
100
74
50
34
58
63
5
42
40
10
54
93
63
77
30
36
82
82
58
41
54
93
79
47
17
22
92
24
84
42
67
68
72
33
45
56
60
51
44
37
25
11
26
60
80
46
72
95
12
24
94
45
25
95
47
35
9
93
30
71
38
39
83
27
61
36
47
51
17
42
59
47
33
54
31
60
36
39
8
30
51
97
8
9
24
93
34
92
82
16
19
54
65
62
22
91
21
68
58
91
28
69
37
72
60
18
45
83
76
25
16
2
1
61
52
87
73
25
98
79
100
66
18
17
3
91
13
99
52
16
15
64
10
75
8
29
10
92
39
51
43
70
13
17
48
79
17
48
82
78
36
31
16
96
24
100
2
46
90
52
84
37
97
98
32
40
71
62
44
31
18
85
51
28
39
78
27
24
75
11
4
56
44
37
24
10
41
58
38
87
2
8
31
59
53
13
27
96
29
90
81
12
21
49
66
78
75
75
51
100
75
94
11
95
6
84
31
40
8
29
97
31
18
83
72
22
42
61
66
99
20
1
1
27
61
27
57
28
39
32
15
90
13
20
38
51
91
36
6
41
82
43
17
25
68
100
51
57
10
29
8
49
51
39
33
83
90
95
4
23
89
57
51
39
52
32
95
12
21
2
43
61
18
34
32
53
90
19
69
53
33
19
92
75
38
37
24
77
42
97
70
65
23
23
11
87
61
56
96
51
93
9
61
66
52
28
24
71
66
13
97
49
100
9
15
56
89
15
38
33
20
89
32
84
99
14
8
9
11
18
26
79
36
34
40
10
74
54
53
39
66
9
67
38
78
45
13
99
100
60
99
55
86
34
39
34
55
1
84
54
83
35
36
20
88
36
45
18
21
64
73
5
8
39
52
28
12
85
17
90
39
68
60
10
60
98
56
33
37
40
74
14
36
71
8
50
7
95
86
33
59
38
98
86
6
4
55
6
90
10
53
13
54
40
16
22
83
19
2
64
91
95
11
24
43
98
92
53
15
52
42
100
4
96
77
28
74
88
36
49
71
60
43
46
1
7
39
29
59
19
32
40
63
71
17
41
71
28
1
29
86
58
66
67
28
86
14
93
50
49
83
45
15
99
24
50
-1853882368
0
0
0
0
479001600
0
0
0
0
0
-775946240
0
0
0
0
0
0
0
0
2004310016
2004310016
0
0
2004310016
0
0
0
0
5040
0
0
-775946240
-898433024
5040
1278945280
120
39916800
0
0
0
2004310016
0
1484783616
0
39916800
0
-288522240
362880
1278945280
0
0
0
0
0
0
0
0
6
0
0
0
0
0
2004189184
-1241513984
0
0
0
479001600
1278945280
0
0
-522715136
0
0
0
0
-522715136
6
0
5040
0
0
0
0
0
0
-2147483648
0
0
0
0
0
479001600
-2147483648
0
-1241513984
5040
0
0
0
0
0
40320
0
0
0
0
0
0
120
-1853882368
0
0
6
-898433024
0
0
0
0
0
-288522240
0
0
0
0
-1195114496
0
862453760
0
0
39916800
0
0
0
479001600
0
0
0
0
0
0
0
0
0
0
-1241513984
3628800
2
0
0
24
0
0
-775946240
-1241513984
-1853882368
1484783616
-898433024
-2147483648
0
0
0
1278945280
0
-1241513984
738197504
0
0
0
0
0
0
0
109641728
0
0
0
479001600
0
720
2076180480
0
-775946240
0
0
720
0
862453760
0
0
0
0
720
0
0
0
479001600
39916800
0
0
0
-288522240
0
0
0
24
0
-1241513984
0
0
0
-898433024
0
0
3628800
0
0
0
2
1278945280
-2147483648
1
362880
0
0
0
0
0
120
0
0
0
0
362880
0
0
0
-1375731712
0
0
0
0
0
0
120
-2147483648
0
-2102132736
0
862453760
0
0
1
1484783616
0
24
0
0
1
0
0
1484783616
0
0
0
0
3628800
0
0
3628800
2004310016
2004189184
0
24
0
0
0
0
-898433024
0
720
109641728
0
40320
362880
0
40320
0
3628800
0
0
0
0
0
0
-1853882368
-2102132736
3628800
0
0
0
0
0
1278945280
0
0
109641728
0
0
0
0
39916800
0
1932053504
40320
0
0
720
0
0
0
0
-1853882368
1409286144
0
0
862453760
0
0
0
0
0
0
0
2
3628800
0
0
0
862453760
0
0
0
0
0
0
0
0
0
0
1409286144
0
0
0
0
0
1
0
1409286144
0
0
0
362880
0
0
0
0
0
0
0
-1195114496
0
2076180480
0
0
-522715136
0
0
0
738197504
862453760
0
0
-288522240
109641728
2
0
39916800
6
6
0
2004189184
0
0
0
1409286144
0
0
0
0
-2147483648
362880
0
0
720
0
-2147483648
0
0
738197504
0
479001600
0
0
0
0
0
0
120
0
0
3628800
0
0
0
0
1409286144
0
0
0
0
0
0
0
0
0
-288522240
-522715136
0
-775946240
0
0
0
0
0
-2147483648
0
0
0
0
0
0
2076180480
39916800
-1853882368
0
0
0
0
0
479001600
-775946240
0
0
2076180480
0
0
0
362880
0
1409286144
0
0
0
0
1484783616
0
0
0
0
-288522240
0
0
0
-2147483648
0
738197504
0
0
0
40320
1409286144
0
0
40320
362880
-775946240
0
0
0
0
2004189184
109641728
0
0
0
-522715136
0
-1195114496
0
0
0
-1375731712
0
0
0
0
-898433024
0
0
0
2076180480
2004189184
2
1
0
0
0
0
2076180480
0
0
0
0
-898433024
-288522240
6
0
1932053504
0
0
2004189184
2004310016
0
3628800
0
40320
-1241513984
3628800
0
0
0
0
0
1932053504
-288522240
0
0
-288522240
0
0
0
0
738197504
2004189184
0
-775946240
0
2
0
0
0
0
0
0
0
-2147483648
0
0
0
0
738197504
-898433024
0
0
-1375731712
0
0
1484783616
-775946240
0
39916800
24
0
0
0
-775946240
3628800
0
0
0
0
2
40320
738197504
0
0
1932053504
1484783616
0
-1241513984
0
0
479001600
-1195114496
0
0
0
0
0
0
0
0
0
39916800
0
720
0
738197504
0
40320
-1241513984
0
738197504
-898433024
0
0
-522715136
0
0
0
0
-2102132736
1
1
1484783616
0
1484783616
0
-1375731712
0
-2147483648
2004310016
0
1932053504
-2102132736
0
0
0
0
720
0
0
0
-288522240
2076180480
0
0
0
0
3628800
-1241513984
40320
0
0
0
-2147483648
0
0
0
24
862453760
0
0
0
0
0
-2147483648
0
479001600
-1195114496
2
0
0
-898433024
0
-2147483648
0
0
109641728
0
0
-2147483648
109641728
0
0
0
0
-775946240
0
0
0
0
0
862453760
862453760
39916800
0
0
0
0
0
0
362880
0
0
0
-1375731712
-775946240
0
0
1932053504
0
0
0
362880
2004310016
0
0
2004310016
0
-2147483648
-2102132736
0
-2147483648
0
0
1278945280
40320
362880
39916800
-898433024
-1853882368
0
0
0
0
3628800
0
0
0
0
0
362880
0
0
0
0
1932053504
0
0
0
0
0
0
0
0
0
0
1
0
0
0
0
0
-2102132736
0
0
0
-898433024
-1195114496
0
0
120
40320
0
0
-1375731712
479001600
0
-288522240
0
0
0
0
3628800
0
0
0
-2147483648
0
0
0
1278945280
0
0
40320
0
5040
0
0
-2147483648
0
0
0
0
720
24
0
720
0
3628800
0
1932053504
0
0
2004189184
-522715136
0
109641728
2
0
0
0
39916800
-775946240
0
0
0
0
2004310016
0
0
0
24
0
0
-1375731712
0
0
0
0
0
0
0
0
1
5040
0
-1241513984
0
109641728
-2147483648
0
0
0
-288522240
0
0
-1375731712
1
-1241513984
0
0
0
0
-1375731712
0
1278945280
0
0
0
0
0
2004310016
0
-775946240
0
-1853882368
0
0
0
0
479001600
0
0
0
0
0
-775946240
0
0
0
0
0
0
0
0
2004310016
2004310016
0
0
2004310016
0
0
0
0
5040
0
0
-775946240
-898433024
5040
1278945280
120
39916800
0
0
0
2004310016
0
1484783616
0
39916800
0
-288522240
362880
1278945280
0
0
0
0
0
0
0
0
6
0
0
0
0
0
2004189184
-1241513984
0
0
0
479001600
1278945280
0
0
-522715136
0
0
0
0
-522715136
6
0
5040
0
0
0
0
0
0
-2147483648
0
0
0
0
0
479001600
-2147483648
0
-1241513984
5040
0
0
0
0
0
40320
0
0
0
0
0
0
120
-1853882368
0
0
6
-898433024
0
0
0
0
0
-288522240
0
0
0
0
-1195114496
0
862453760
0
0
39916800
0
0
0
479001600
0
0
0
0
0
0
0
0
0
0
-1241513984
3628800
2
0
0
24
0
0
-775946240
-1241513984
-1853882368
1484783616
-898433024
-2147483648
0
0
0
1278945280
0
-1241513984
738197504
0
0
0
0
0
0
0
109641728
0
0
0
479001600
0
720
2076180480
0
-775946240
0
0
720
0
862453760
0
0
0
0
720
0
0
0
479001600
39916800
0
0
0
-288522240
0
0
0
24
0
-1241513984
0
0
0
-898433024
0
0
3628800
0
0
0
2
1278945280
-2147483648
1
362880
0
0
0
0
0
120
0
0
0
0
362880
0
0
0
-1375731712
0
0
0
0
0
0
120
-2147483648
0
-2102132736
0
862453760
0
0
1
1484783616
0
24
0
0
1
0
0
1484783616
0
0
0
0
3628800
0
0
3628800
2004310016
2004189184
0
24
0
0
0
0
-898433024
0
720
109641728
0
40320
362880
0
40320
0
3628800
0
0
0
0
0
0
-1853882368
-2102132736
3628800
0
0
0
0
0
1278945280
0
0
109641728
0
0
0
0
39916800
0
1932053504
40320
0
0
720
0
0
0
0
-1853882368
1409286144
0
0
862453760
0
0
0
0
0
0
0
2
3628800
0
0
0
862453760
0
0
0
0
0
0
0
0
0
0
1409286144
0
0
0
0
0
1
0
1409286144
0
0
0
362880
0
0
0
0
0
0
0
-1195114496
0
2076180480
0
0
-522715136
0
0
0
738197504
862453760
0
0
-288522240
109641728
2
0
39916800
6
6
0
2004189184
0
0
0
1409286144
0
0
0
0
-2147483648
362880
0
0
720
0
-2147483648
0
0
738197504
0
479001600
0
0
0
0
0
0
120
0
0
3628800
0
0
0
0
1409286144
0
0
0
0
0
0
0
0
0
-288522240
-522715136
0
-775946240
0
0
0
0
0
-2147483648
0
0
0
0
0
0
2076180480
39916800
-1853882368
0
0
0
0
0
479001600
-775946240
0
0
2076180480
0
0
0
362880
0
1409286144
0
0
0
0
1484783616
0
0
0
0
-288522240
0
0
0
-2147483648
0
738197504
0
0
0
40320
1409286144
0
0
40320
362880
-775946240
0
0
0
0
2004189184
109641728
0
0
0
-522715136
0
-1195114496
0
0
0
-1375731712
0
0
0
0
-898433024
0
0
0
2076180480
2004189184
2
1
0
0
0
0
2076180480
0
0
0
0
-898433024
-288522240
6
0
1932053504
0
0
2004189184
2004310016
0
3628800
0
40320
-1241513984
3628800
0
0
0
0
0
1932053504
-288522240
0
0
-288522240
0
0
0
0
738197504
2004189184
0
-775946240
0
2
0
0
0
0
0
0
0
-2147483648
0
0
0
0
738197504
-898433024
0
0
-1375731712
0
0
1484783616
-775946240
0
39916800
24
0
0
0
-775946240
3628800
0
0
0
0
2
40320
738197504
0
0
1932053504
1484783616
0
-1241513984
0
0
479001600
-1195114496
0
0
0
0
0
0
0
0
0
39916800
0
720
0
738197504
0
40320
-1241513984
0
738197504
-898433024
0
0
-522715136
0
0
0
0
-2102132736
1
1
1484783616
0
1484783616
0
-1375731712
0
-2147483648
2004310016
0
1932053504
-2102132736
0
0
0
0
720
0
0
0
-288522240
2076180480
0
0
0
0
3628800
-1241513984
40320
0
0
0
-2147483648
0
0
0
24
862453760
0
0
0
0
0
-2147483648
0
479001600
-1195114496
2
0
0
-898433024
0
-2147483648
0
0
109641728
0
0
-2147483648
109641728
0
0
0
0
-775946240
0
0
0
0
0
862453760
862453760
39916800
0
0
0
0
0
0
362880
0
0
0
-1375731712
-775946240
0
0
1932053504
0
0
0
362880
2004310016
0
0
2004310016
0
-2147483648
-2102132736
0
-2147483648
0
0
1278945280
40320
362880
39916800
-898433024
-1853882368
0
0
0
0
3628800
0
0
0
0
0
362880
0
0
0
0
1932053504
0
0
0
0
0
0
0
0
0
0
1
0
0
0
0
0
-2102132736
0
0
0
-898433024
-1195114496
0
0
120
40320
0
0
-1375731712
479001600
0
-288522240
0
0
0
0
3628800
0
0
0
-2147483648
0
0
0
1278945280
0
0
40320
0
5040
0
0
-2147483648
0
0
0
0
720
24
0
720
0
3628800
0
1932053504
0
0
2004189184
-522715136
0
109641728
2
0
0
0
39916800
-775946240
0
0
0
0
2004310016
0
0
0
24
0
0
-1375731712
0
0
0
0
0
0
0
0
1
5040
0
-1241513984
0
109641728
-2147483648
0
0
0
-288522240
0
0
-1375731712
1
-1241513984
0
0
0
0
-1375731712
0
1278945280
0
0
0
0
0
2004310016
0
-775946240
0
Lorem
ipsum
dolor
sit
amet,
consectetur
adipiscing
elit.
Mauris
posuere
elit
in
dictum
imperdiet.
Aenean
ac
nisl
in
diam
aliquam
varius
vel
ut
odio.
In
bibendum
sit
amet
metus
ac
aliquam.
Fusce
at
gravida
turpis.
Phasellus
vitae
iaculis
elit.
Integer
faucibus
tortor
in
tincidunt
viverra.
Vestibulum
tempus
elementum
semper.
Maecenas
nunc
purus,
mattis
ut
odio
ut,
pretium
consectetur
arcu.
Cras
tempor
est
porta,
aliquet
lectus
sit
amet,
ullamcorper
arcu.
Praesent
sit
amet
odio
placerat,
malesuada
elit
sed,
ornare
nibh.
Phasellus
non
finibus
orci,
ac
dapibus
purus.
Etiam
vitae
elit
facilisis,
aliquet
magna
nec,
mattis
dolor.
Etiam
pretium
tincidunt
quam,
at
lobortis
sapien
dictum
et.
Pellentesque
condimentum
volutpat
quam,
vitae
iaculis
ligula
commodo
eget.
Vivamus
congue
faucibus
ante
a
posuere.

Mauris
eu
justo
quis
ligula
pretium
semper
eget
ut
nisi.
Duis
a
sagittis
velit,
in
condimentum
nisl.
Vestibulum
imperdiet
tempor
libero,
ut
consectetur
ligula
consectetur
ac.
Sed
mauris
quam,
pretium
sit
amet
aliquam
quis,
lobortis
ut
leo.
Donec
eget
eros
nisl.
Mauris
sagittis,
tellus
non
malesuada
semper,
nunc
metus
elementum
mauris,
in
auctor
felis
leo
nec
mauris.
Pellentesque
eleifend
semper
mollis.
Nulla
venenatis
nulla
ac
faucibus
consequat.
Etiam
accumsan
faucibus
scelerisque.
Suspendisse
eleifend
eu
mauris
nec
lacinia.
Integer
porta
urna
et
nibh
finibus,
rutrum
bibendum
tellus
facilisis.
Pellentesque
in
viverra
nunc,
a
sagittis
erat.

Etiam
placerat
mi
ac
pharetra
tincidunt.
Mauris
maximus
feugiat
eros,
eu
fringilla
tortor
viverra
et.
Praesent
sit
amet
mi
pretium,
dapibus
odio
quis,
ornare
augue.
Vestibulum
sodales
nibh
a
ex
ultricies,
quis
pellentesque
dolor
laoreet.
Donec
sed
aliquam
arcu.
Donec
vulputate
bibendum
lacus,
id
porta
odio.
Nullam
eu
arcu
sit
amet
turpis
dictum
pretium.
Integer
vehicula
lectus
at
dapibus
eleifend.
Maecenas
sed
urna
luctus,
semper
neque
ac,
volutpat
mi.
Phasellus
eget
libero
libero.

Morbi
libero
ex,
suscipit
eu
odio
sit
amet,
sodales
pellentesque
dui.
Integer
elementum
fermentum
enim,
ac
fermentum
lacus
egestas
sed.
In
hac
habitasse
platea
dictumst.
Quisque
interdum
viverra
hendrerit.
Aenean
convallis
eget
purus
non
mattis.
Pellentesque
sit
amet
magna
id
erat
sollicitudin
congue.
Morbi
luctus
eget
nibh
mattis
ultrices.
Quisque
eu
ipsum
ultrices,
porttitor
turpis
at,
aliquam
dui.
Etiam
commodo
tincidunt
velit,
vitae
facilisis
nisi
sollicitudin
vel.
Vestibulum
fermentum
sodales
libero.
Aliquam
id
fringilla
diam,
ut
egestas
sem.
Curabitur
pulvinar
nisi
sed
purus
accumsan,
consectetur
mollis
mi
gravida.

Maecenas
non
libero
egestas,
porttitor
risus
at,
gravida
felis.
Mauris
vitae
gravida
enim.
Cras
vehicula
mauris
dui,
id
commodo
lorem
suscipit
vel.
Integer
id
consectetur
ligula.
Fusce
ut
risus
mauris.
Nulla
diam
arcu,
varius
id
nisi
nec,
pellentesque
auctor
arcu.
Nullam
vitae
eros
a
arcu
tincidunt
consequat.
Sed
laoreet
ornare
massa,
ut
volutpat
magna
elementum
non.

Aliquam
aliquet
bibendum
tortor,
in
porttitor
arcu
cursus
in.
Donec
sed
metus
ligula.
Praesent
egestas
aliquet
metus
vitae
tristique.
Pellentesque
sed
neque
et
nisi
porttitor
iaculis.
Nulla
maximus
vel
neque
vel
volutpat.
Mauris
ac
suscipit
tellus.
Sed
a
libero
aliquet,
vulputate
enim
nec,
iaculis
odio.
Vivamus
eu
ipsum
eu
nisi
convallis
vestibulum
in
nec
ex.
Curabitur
aliquam
dapibus
nisi
vitae
feugiat.
Aliquam
et
placerat
diam,
at
rutrum
risus.
Integer
vel
nibh
vitae
neque
aliquam
tincidunt
vel
eu
urna.
Vivamus
vel
erat
eget
diam
vulputate
tincidunt.

Maecenas
faucibus
blandit
turpis
quis
cursus.
Mauris
vel
dui
rutrum,
malesuada
lacus
in,
aliquet
est.
Class
aptent
taciti
sociosqu
ad
litora
torquent
per
conubia
nostra,
per
inceptos
himenaeos.
Suspendisse
sed
felis
placerat,
accumsan
risus
quis,
varius
tellus.
Etiam
interdum
turpis
eget
imperdiet
sodales.
Donec
ornare,
lectus
eget
euismod
accumsan,
sem
dolor
vestibulum
lorem,
pretium
tempus
urna
urna
eu
augue.
Nullam
dapibus
id
enim
quis
ornare.
Nulla
et
tortor
tempor,
interdum
elit
eu,
ullamcorper
felis.
Nullam
porta
luctus
neque
in
egestas.
Nullam
dapibus
ante
nulla,
non
sollicitudin
diam
porttitor
malesuada.
Ut
mollis
fermentum
neque,
id
tristique
neque
cursus
vitae.

Aenean
egestas
lorem
laoreet,
rhoncus
elit
in,
consequat
diam.
Proin
sit
amet
tristique
lacus.
Praesent
a
quam
nisl.
Vestibulum
tincidunt
tempus
orci,
quis
gravida
massa
laoreet
vitae.
Praesent
ligula
turpis,
dapibus
fermentum
erat
sit
amet,
hendrerit
blandit
velit.
Vivamus
at
enim
tortor.
Nunc
condimentum
sit
amet
arcu
et
dignissim.
Sed
id
tempus
nisl.
In
eu
augue
enim.
Donec
fringilla
eleifend
orci,
ac
suscipit
nibh
euismod
id.
Nam
pharetra
lacus
eu
neque
auctor,
sed
euismod
leo
gravida.

Curabitur
eu
nulla
ac
velit
ultrices
fringilla.
Sed
porta
lorem
vel
ipsum
mollis,
eget
mattis
libero
gravida.
Nullam
pellentesque
fermentum
ex,
at
interdum
tortor
condimentum
in.
Integer
quis
ligula
blandit,
commodo
ante
vel,
aliquam
est.
Morbi
sed
placerat
orci.
Sed
maximus,
risus
vitae
facilisis
facilisis,
nulla
diam
viverra
lorem,
nec
dignissim
ligula
lorem
fermentum
eros.
Class
aptent
taciti
sociosqu
ad
litora
torquent
per
conubia
nostra,
per
inceptos
himenaeos.
Cras
libero
velit,
ultricies
sed
auctor
quis,
aliquam
ac
nisl.
Duis
rutrum
mattis
viverra.
Praesent
sit
amet
purus
non
urna
rutrum
fermentum
ut
ut
sem.
Nam
scelerisque
orci
sed
sapien
placerat,
et
sagittis
lorem
tristique.
Quisque
dolor
libero,
finibus
non
vestibulum
eu,
finibus
aliquam
nibh.
Phasellus
eleifend
nisi
lacus,
et
semper
enim
pulvinar
ut.
89
43
59
37
73
7
89
59
7
5
11
43
83
11
17
47
37
73
3
29
47
79
3
7
53
73
29
7
97
73
83
5
3
17
37
47
23
11
47
29
2
97
29
29
31
53
89
37
37
19
79
47
23
47
71
97
11
47
17
79
29
43
37
2
71
5
37
5
23
43
97
97
59
19
37
19
79
11
13
23
79
2
67
23
53
59
71
37
71
31
23
17
19
2
71
11
3
3
97
73
47
89
37
31
5
41
79
47
17
67
37
11
47
71
83
61
47
17
59
47
31
97
19
37
83
2
61
73
79
17
3
13
29
43
13
17
79
17
31
2
37
97
71
31
11
37
41
2
31
59
53
13
29
11
31
29
97
31
83
61
61
13
41
43
17
29
83
23
89
2
43
61
53
19
53
19
37
97
23
23
11
61
61
71
13
97
89
89
11
79
53
67
13
83
73
5
17
37
71
7
59
53
13
83
19
2
11
43
53
71
43
7
29
59
19
71
17
41
71
29
67
83
26
87
89
46
82
12
75
54
34
93
43
24
59
81
37
73
56
39
95
65
15
15
65
34
15
84
40
92
35
7
89
59
24
18
7
14
5
11
69
54
43
15
83
27
100
11
36
17
9
14
80
47
60
37
72
73
100
96
3
45
56
87
77
78
16
29
40
52
47
12
14
79
90
22
62
50
34
77
22
3
91
7
86
95
96
64
100
53
32
84
39
52
100
44
12
33
73
29
7
42
97
90
75
73
8
48
52
66
100
83
45
5
26
51
88
3
18
52
66
87
87
44
17
37
47
88
84
21
76
23
77
46
11
42
74
70
12
48
51
69
96
38
85
48
47
54
39
29
10
2
77
42
4
60
97
24
29
26
27
18
32
49
74
50
14
63
29
31
68
53
89
37
85
37
44
19
98
36
79
12
64
6
25
64
24
96
47
6
62
23
96
47
71
56
6
97
68
38
12
11
76
88
47
17
79
84
52
4
34
29
60
96
43
18
46
46
10
76
50
37
2
14
32
1
9
36
88
71
78
65
5
72
69
42
45
9
78
68
72
28
52
77
45
77
37
60
5
32
58
20
95
23
45
88
1
27
43
4
38
45
1
87
38
27
74
49
74
57
10
81
40
10
15
16
35
4
97
48
97
93
18
59
6
19
35
8
9
75
8
86
10
69
63
81
99
60
44
26
20
10
87
37
65
51
40
14
38
55
19
49
39
86
79
11
95
13
8
70
56
6
69
45
49
65
26
30
98
82
23
69
65
82
66
90
82
79
2
10
90
80
67
23
45
50
80
90
54
53
84
99
100
59
30
72
38
88
100
55
1
62
30
46
34
71
9
48
91
37
58
38
66
46
21
99
25
71
74
22
34
87
63
31
23
44
70
17
19
2
71
11
3
3
97
16
35
96
73
30
49
86
47
96
32
9
89
100
6
38
32
37
56
31
94
12
100
74
50
34
58
63
5
42
40
10
54
93
63
77
30
36
82
82
58
41
54
93
79
47
17
22
92
24
84
42
67
68
72
33
45
56
60
51
44
37
25
11
26
60
80
46
72
95
12
24
94
45
25
95
47
35
9
93
30
71
38
39
83
27
61
36
47
51
17
42
59
47
33
54
31
60
36
39
8
30
51
97
8
9
24
93
34
92
82
16
19
54
65
62
22
91
21
68
58
91
28
69
37
72
60
18
45
83
76
25
16
2
1
61
52
87
73
25
98
79
100
66
18
17
3
91
13
99
52
16
15
64
10
75
8
29
10
92
39
51
43
70
13
17
48
79
17
48
82
78
36
31
16
96
24
100
2
46
90
52
84
37
97
98
32
40
71
62
44
31
18
85
51
28
39
78
27
24
75
11
4
56
44
37
24
10
41
58
38
87
2
8
31
59
53
13
27
96
29
90
81
12
21
49
66
78
75
75
51
100
75
94
11
95
6
84
31
40
8
29
97
31
18
83
72
22
42
61
66
99
20
1
1
27
61
27
57
28
39
32
15
90
13
20
38
51
91
36
6
41
82
43
17
25
68
100
51
57
10
29
8
49
51
39
33
83
90
95
4
23
89
57
51
39
52
32
95
12
21
2
43
61
18
34
32
53
90
19
69
53
33
19
92
75
38
37
24
77
42
97
70
65
23
23
11
87
61
56
96
51
93
9
61
66
52
28
24
71
66
13
97
49
100
9
15
56
89
15
38
33
20
89
32
84
99
14
8
9
11
18
26
79
36
34
40
10
74
54
53
39
66
9
67
38
78
45
13
99
100
60
99
55
86
34
39
34
55
1
84
54
83
35
36
20
88
36
45
18
21
64
73
5
8
39
52
28
12
85
17
90
39
68
60
10
60
98
56
33
37
40
74
14
36
71
8
50
7
95
86
33
59
38
98
86
6
4
55
6
90
10
53
13
54
40
16
22
83
19
2
64
91
95
11
24
43
98
92
53
15
52
42
100
4
96
77
28
74
88
36
49
71
60
43
46
1
7
39
29
59
19
32
40
63
71
17
41
71
28
1
29
86
58
66
67
28
86
14
93
50
49
83
45
15
99
24
50
89
43
59
37
73
7
89
59
7
5
11
43
83
11
17
47
37
73
3
29
47
79
3
7
53
73
29
7
97
73
83
5
3
17
37
47
23
11
47
29
2
97
29
29
31
53
89
37
37
19
79
47
23
47
71
97
11
47
17
79
29
43
37
2
71
5
37
5
23
43
97
97
59
19
37
19
79
11
13
23
79
2
67
23
53
59
71
37
71
31
23
17
19
2
71
11
3
3
97
73
47
89
37
31
5
41
79
47
17
67
37
11
47
71
83
61
47
17
59
47
31
97
19
37
83
2
61
73
79
17
3
13
29
43
13
17
79
17
31
2
37
97
71
31
11
37
41
2
31
59
53
13
29
11
31
29
97
31
83
61
61
13
41
43
17
29
83
23
89
2
43
61
53
19
53
19
37
97
23
23
11
61
61
71
13
97
89
89
11
79
53
67
13
83
73
5
17
37
71
7
59
53
13
83
19
2
11
43
53
71
43
7
29
59
19
71
17
41
71
29
67
83
26
87
89
46
82
12
75
54
34
93
43
24
59
81
37
73
56
39
95
65
15
15
65
34
15
84
40
92
35
7
89
59
24
18
7
14
5
11
69
54
43
15
83
27
100
11
36
17
9
14
80
47
60
37
72
73
100
96
3
45
56
87
77
78
16
29
40
52
47
12
14
79
90
22
62
50
34
77
22
3
91
7
86
95
96
64
100
53
32
84
39
52
100
44
12
33
73
29
7
42
97
90
75
73
8
48
52
66
100
83
45
5
26
51
88
3
18
52
66
87
87
44
17
37
47
88
84
21
76
23
77
46
11
42
74
70
12
48
51
69
96
38
85
48
47
54
39
29
10
2
77
42
4
60
97
24
29
26
27
18
32
49
74
50
14
63
29
31
68
53
89
37
85
37
44
19
98
36
79
12
64
6
25
64
24
96
47
6
62
23
96
47
71
56
6
97
68
38
12
11
76
88
47
17
79
84
52
4
34
29
60
96
43
18
46
46
10
76
50
37
2
14
32
1
9
36
88
71
78
65
5
72
69
42
45
9
78
68
72
28
52
77
45
77
37
60
5
32
58
20
95
23
45
88
1
27
43
4
38
45
1
87
38
27
74
49
74
57
10
81
40
10
15
16
35
4
97
48
97
93
18
59
6
19
35
8
9
75
8
86
10
69
63
81
99
60
44
26
20
10
87
37
65
51
40
14
38
55
19
49
39
86
79
11
95
13
8
70
56
6
69
45
49
65
26
30
98
82
23
69
65
82
66
90
82
79
2
10
90
80
67
23
45
50
80
90
54
53
84
99
100
59
30
72
38
88
100
55
1
62
30
46
34
71
9
48
91
37
58
38
66
46
21
99
25
71
74
22
34
87
63
31
23
44
70
17
19
2
71
11
3
3
97
16
35
96
73
30
49
86
47
96
32
9
89
100
6
38
32
37
56
31
94
12
100
74
50
34
58
63
5
42
40
10
54
93
63
77
30
36
82
82
58
41
54
93
79
47
17
22
92
24
84
42
67
68
72
33
45
56
60
51
44
37
25
11
26
60
80
46
72
95
12
24
94
45
25
95
47
35
9
93
30
71
38
39
83
27
61
36
47
51
17
42
59
47
33
54
31
60
36
39
8
30
51
97
8
9
24
93
34
92
82
16
19
54
65
62
22
91
21
68
58
91
28
69
37
72
60
18
45
83
76
25
16
2
1
61
52
87
73
25
98
79
100
66
18
17
3
91
13
99
52
16
15
64
10
75
8
29
10
92
39
51
43
70
13
17
48
79
17
48
82
78
36
31
16
96
24
100
2
46
90
52
84
37
97
98
32
40
71
62
44
31
18
85
51
28
39
78
27
24
75
11
4
56
44
37
24
10
41
58
38
87
2
8
31
59
53
13
27
96
29
90
81
12
21
49
66
78
75
75
51
100
75
94
11
95
6
84
31
40
8
29
97
31
18
83
72
22
42
61
66
99
20
1
1
27
61
27
57
28
39
32
15
90
13
20
38
51
91
36
6
41
82
43
17
25
68
100
51
57
10
29
8
49
51
39
33
83
90
95
4
23
89
57
51
39
52
32
95
12
21
2
43
61
18
34
32
53
90
19
69
53
33
19
92
75
38
37
24
77
42
97
70
65
23
23
11
87
61
56
96
51
93
9
61
66
52
28
24
71
66
13
97
49
100
9
15
56
89
15
38
33
20
89
32
84
99
14
8
9
11
18
26
79
36
34
40
10
74
54
53
39
66
9
67
38
78
45
13
99
100
60
99
55
86
34
39
34
55
1
84
54
83
35
36
20
88
36
45
18
21
64
73
5
8
39
52
28
12
85
17
90
39
68
60
10
60
98
56
33
37
40
74
14
36
71
8
50
7
95
86
33
59
38
98
86
6
4
55
6
90
10
53
13
54
40
16
22
83
19
2
64
91
95
11
24
43
98
92
53
15
52
42
100
4
96
77
28
74
88
36
49
71
60
43
46
1
7
39
29
59
19
32
40
63
71
17
41
71
28
1
29
86
58
66
67
28
86
14
93
50
49
83
45
15
99
24
50
